# R script for Peak Model
#  -- generated by MACS
p <- c(0.04809385722353704,0.05574307070575674,0.06375871357634626,0.07140792705856595,0.07942356992915546,0.07910294421433188,0.0803854470736262,0.08001901768525639,0.07864490747886962,0.07864490747886962,0.07960678462334037,0.07965258829688658,0.07919455156142433,0.07946937360270169,0.0802022323794413,0.08230920136256768,0.08088928748263469,0.08130152054455071,0.08212598666838278,0.08166794993292052,0.08130152054455071,0.08240080870966013,0.08285884544512238,0.08345429320122333,0.08258402340384503,0.08157634258582806,0.08240080870966013,0.08304206013930729,0.08244661238320636,0.08212598666838278,0.08208018299483655,0.08143893156518939,0.08139312789164317,0.08153053891228185,0.08203437932129033,0.08130152054455071,0.08194277197419787,0.08244661238320636,0.0834084895276771,0.0834084895276771,0.0832252748334922,0.08331688218058465,0.08382072258959312,0.08391232993668558,0.08473679606051765,0.08528644014307235,0.08569867320498839,0.0851948327959799,0.08606510259335819,0.08629412096108932,0.086431531981728,0.08688956871719025,0.08633992463463555,0.08592769157271951,0.08611090626690442,0.08794305320875345,0.0890881450474091,0.08917975239450154,0.0880346605558459,0.08950037810932512,0.0905080589273421,0.09064546994798077,0.09151573974535905,0.09165315076599774,0.0912409177040817,0.09032484423315719,0.08940877076223268,0.08876751933258552,0.08849269729130815,0.08775983851456855,0.08808046422939213,0.08849269729130815,0.08917975239450154,0.09005002219187984,0.0890881450474091,0.0882178752500308,0.08688956871719025,0.0880346605558459,0.08904234137386287,0.08835528627066948,0.0890881450474091,0.08688956871719025,0.08556126218434972,0.08510322544888745,0.08698117606428271,0.08785144586166099,0.08826367892357703,0.09064546994798077,0.09114931035698925,0.09211118750146,0.09201958015436754,0.09380592342267034,0.09467619322004864,0.09485940791423354,0.09298145729883828,0.0928440462781996,0.0938975307697628,0.09165315076599774,0.09073707729507322,0.09151573974535905,0.09073707729507322,0.09192797280727509,0.09243181321628358,0.09160734709245151,0.09275243893110716,0.09252342056337602,0.09238600954273735,0.0922944021956449,0.09247761688982979,0.09215699117500621,0.09311886831947695,0.09316467199302318,0.09247761688982979,0.09348529770784676,0.09403494179040148,0.09412654913749392,0.09366851240203167,0.09385172709621657,0.09481360424068731,0.09458458587295618,0.09476780056714108,0.09412654913749392,0.09508842628196466,0.09595869607934296,0.0955006593438807,0.0971037879179986,0.09820307608310802,0.09998941935141083,0.09957718628949479,0.1006764744546042,0.10090549282233534,0.10301246180546172,0.10342469486737775,0.10379112425574756,0.10452398303248717,0.10411174997057114,0.10589809323887395,0.10489041242085698,0.1049362160944032,0.10521103813568056,0.10507362711504188,0.1029666581319155,0.10250862139645324,0.10356210588801643,0.10351630221447021,0.10406594629702491,0.10250862139645324,0.10218799568162966,0.10406594629702491,0.10402014262347868,0.1049362160944032,0.10585228956532772,0.1077760438542692,0.10653934466852111,0.10892113569292484,0.10960819079611824,0.11020363855221917,0.11144033773796726,0.1107990863083201,0.11148614141151349,0.11180676712633707,0.11226480386179932,0.11144033773796726,0.1125854295766229,0.11020363855221917,0.10850890263100882,0.10997462018448803,0.11102810467605123,0.11066167528768142,0.11157774875860593,0.11093649732895877,0.11244801855598423,0.11221900018825309,0.11235641120889178,0.11409695080364836,0.11620391978677475,0.11583749039840494,0.11528784631585022,0.11597490141904361,0.11588329407195117,0.11670776019578322,0.11711999325769926,0.11840249611699358,0.11890633652600206,0.12000562469111148,0.12046366142657373,0.12124232387685957,0.12220420102133031,0.12316607816580105,0.1230744708187086,0.12348670388062463,0.1227080414303388,0.12348670388062463,0.12312027449225482,0.12252482673615389,0.12362411490126331,0.12394474061608689,0.12334929285998596,0.12376152592190198,0.12545626184311234,0.12655555000822177,0.12861671531780192,0.1296243961358189,0.1310443100157519,0.134113156143349,0.13447958553171882,0.13507503328781975,0.136952983903215,0.13828129043605555,0.14020504472499704,0.14116692186946778,0.14135013656365267,0.1425868357494008,0.14524344881508186,0.1451060377944432,0.1463427369801913,0.14730461412466203,0.1481748839220403,0.1497780124961582,0.14909095739296482,0.15133533739672989,0.1522514108676544,0.15362552107404118,0.1531216806650327,0.1536713247475874,0.15522864964815908,0.15605311577199116,0.15843490679639488,0.15948839128795808,0.16159536027108445,0.16150375292399202,0.16324429251874858,0.16283205945683255,0.16544286884896742,0.1666795680347155,0.1661299239521608,0.16809948191464852,0.16874073334429568,0.16974841416231265,0.17029805824486735,0.17034386191841358,0.1710767206951532,0.17373333376083427,0.1730462786576409,0.17295467131054845,0.17442038886402766,0.17510744396722105,0.17368753008728807,0.1734127080460107,0.17455779988466635,0.17753503866517104,0.17968781132184364,0.17968781132184364,0.1814283509166002,0.18348951622618037,0.1853216631680294,0.18596291459767655,0.18765765051888691,0.18962720848137463,0.18871113501045012,0.1881614909278954,0.18793247256016427,0.18802407990725672,0.1885279203162652,0.18884854603108878,0.18848211664271897,0.18747443582470202,0.19031426358456802,0.1899478341961982,0.1926044472618793,0.1938411464476274,0.19329150236507267,0.19448239787727456,0.1945282015508208,0.19393275379471983,0.194574005224367,0.19626874114557735,0.19608552645139246,0.19713901094295563,0.19649775951330847,0.19645195583976227,0.1981466917609726,0.1993375872731745,0.1997498203350905,0.20208580768594803,0.20318509585105746,0.20529206483418383,0.2062997456522008,0.20762805218504135,0.20817769626759605,0.20996403953589887,0.21023886157717622,0.21120073872164696,0.21275806362221863,0.21225422321321014,0.21353672607250446,0.21468181791116012,0.2139489591344205,0.21573530240272332,0.21628494648527802,0.21683459056783272,0.21898736322450532,0.21797968240648838,0.21907897057159778,0.21976602567479117,0.22059049179862322,0.22081951016635437,0.22388835629395148,0.2226516571082034,0.22393415996749771,0.2257205032358005,0.22443800037650619,0.22613273629771655,0.22526246650033827,0.22681979140090994,0.22608693262417032,0.2258579142564392,0.22594952160353166,0.22649916568608636,0.2273236318099184,0.22590371792998543,0.22718622078927975,0.22631595099190147,0.22874354568985142,0.2286977420163052,0.23034667426396932,0.230484085284608,0.22910997507822123,0.22929318977240612,0.22823970528084295,0.229064171404675,0.22769006119828822,0.2288809567104901,0.22874354568985142,0.22828550895438915,0.22787327589247314,0.22910997507822123,0.22993444120205328,0.23185819549099476,0.23268266161482684,0.23304909100319665,0.2349270416185919,0.23648436651916357,0.23620954447788622,0.23639275917207112,0.2370798142752645,0.23662177753980224,0.23694240325462582,0.23616374080434,0.23822490611392014,0.2372172252959032,0.23781267305200413,0.23753785101072677,0.23717142162235696,0.2386829428493824,0.23657597386625603,0.23758365468427298,0.23753785101072677,0.23808749509328148,0.23680499223398715,0.23799588774618902,0.23817910244037394,0.23932419427902957,0.24143116326215594,0.24385875796010592,0.2491719840914681,0.25013386123593884,0.25448521022283027,0.257462449003335,0.2619512090108651,0.2673560424893197,0.2709745326994716,0.274913648624447,0.27940240863197713,0.2837995612924148,0.28663938905228076,0.2911739527333571,0.29355574375776083,0.295204676005425,0.2960749458028033,0.293784762125492,0.2941511915138618,0.2928686886545675,0.2897540388534241,0.2861813523168185,0.2820590216976582,0.2765167771985649,0.2715241767820263,0.2658903249358405,0.2610809392134868,0.2576914673710661,0.25173698981005677,0.24450000938975308,0.23932419427902957,0.23620954447788622,0.23112533671425517,0.22627014731835524,0.22136915424890907,0.21848352281549685,0.21207100851902524,0.20689519340830173,0.20171937829757822,